time =  0.12897562980651855
0 0, 1000000000
1 1, 1000000000
2 2, 1000000000
3 3, 1000000000
4 4, 1000000000
5 5, 1000000000
6 6, 1000000000
7 7, 1000000000
8 8, 1000000000
9 9, 1000000000
11 11, 1000000000
12 12, 1000000000
13 13, 1000000000
14 14, 1000000000
15 15, 1000000000
16 16, 1000000000
17 17, 1000000000
18 18, 1000000000
19 19, 1000000000
20 20, 1000000000
time =  5.161226749420166
0 10,9,8,7,6,5,4,3,2,1,0, 68
1 10,9,8,7,6,5,4,3,2,1, 60
2 10,9,8,7,6,5,4,3,2, 51
3 10,9,8,7,6,5,4,3, 42
4 10,9,8,7,6,5,4, 32
5 10,9,8,7,6,5, 29
6 10,9,8,7,6, 28
7 10,9,8,7, 22
8 10,9,8, 18
9 10,9, 9
11 10,11, 8
12 10,11,12, 10
13 10,11,12,13, 12
14 10,11,12,13,14, 14
15 10,11,12,13,14,15, 23
16 10,11,12,13,14,15,16, 32
17 10,11,12,13,14,15,16,17, 40
18 10,11,12,13,14,15,16,17,18, 46
19 10,11,12,13,14,15,16,17,18,19, 47
20 10,11,12,13,14,15,16,17,18,19,20, 52
time =  10.180446147918701
0 10,9,8,7,6,5,4,3,2,1,0, 59
1 10,9,8,7,6,5,4,3,2,1, 52
2 10,9,8,7,6,5,4,3,2, 46
3 10,9,8,7,6,5,4,3, 43
4 10,9,8,7,6,5,4, 42
5 10,9,8,7,6,5, 34
6 10,9,8,7,6, 24
7 10,9,8,7, 18
8 10,9,8, 9
9 10,9, 8
11 10,11, 7
12 10,11,12, 13
13 10,11,12,13, 15
14 10,11,12,13,14, 16
15 10,11,12,13,14,15, 19
16 10,11,12,13,14,15,16, 22
17 10,11,12,13,14,15,16,17, 30
18 10,11,12,13,14,15,16,17,18, 31
19 10,11,12,13,14,15,16,17,18,19, 36
20 10,11,12,13,14,15,16,17,18,19,20, 46
time =  15.217109441757202
0 10,9,8,7,6,5,4,3,2,1,0, 68
1 10,9,8,7,6,5,4,3,2,1, 63
2 10,9,8,7,6,5,4,3,2, 59
3 10,9,8,7,6,5,4,3, 53
4 10,9,8,7,6,5,4, 48
5 10,9,8,7,6,5, 43
6 10,9,8,7,6, 35
7 10,9,8,7, 25
8 10,9,8, 16
9 10,9, 6
11 10,11, 10
12 10,11,12, 16
13 10,11,12,13, 22
14 10,11,12,13,14, 23
15 10,11,12,13,14,15, 32
16 10,11,12,13,14,15,16, 37
17 10,11,12,13,14,15,16,17, 42
18 10,11,12,13,14,15,16,17,18, 50
19 10,11,12,13,14,15,16,17,18,19, 51
20 10,11,12,13,14,15,16,17,18,19,20, 60
time =  20.23309874534607
0 10,9,8,7,6,5,4,3,2,1,0, 52
1 10,9,8,7,6,5,4,3,2,1, 50
2 10,9,8,7,6,5,4,3,2, 41
3 10,9,8,7,6,5,4,3, 32
4 10,9,8,7,6,5,4, 31
5 10,9,8,7,6,5, 21
6 10,9,8,7,6, 20
7 10,9,8,7, 19
8 10,9,8, 9
9 10,9, 8
11 10,11, 5
12 10,11,12, 9
13 10,11,12,13, 19
14 10,11,12,13,14, 26
15 10,11,12,13,14,15, 29
16 10,11,12,13,14,15,16, 30
17 10,11,12,13,14,15,16,17, 33
18 10,11,12,13,14,15,16,17,18, 34
19 10,11,12,13,14,15,16,17,18,19, 39
20 10,11,12,13,14,15,16,17,18,19,20, 41
time =  25.257169246673584
0 10,9,8,7,6,5,4,3,2,1,0, 57
1 10,9,8,7,6,5,4,3,2,1, 48
2 10,9,8,7,6,5,4,3,2, 38
3 10,9,8,7,6,5,4,3, 34
4 10,9,8,7,6,5,4, 24
5 10,9,8,7,6,5, 14
6 10,9,8,7,6, 11
7 10,9,8,7, 9
8 10,9,8, 5
9 10,9, 3
11 10,11, 6
12 10,11,12, 11
13 10,11,12,13, 17
14 10,11,12,13,14, 26
15 10,11,12,13,14,15, 31
16 10,11,12,13,14,15,16, 38
17 10,11,12,13,14,15,16,17, 45
18 10,11,12,13,14,15,16,17,18, 48
19 10,11,12,13,14,15,16,17,18,19, 58
20 10,11,12,13,14,15,16,17,18,19,20, 66
time =  30.279998064041138
0 10,9,8,7,6,5,4,3,2,1,0, 49
1 10,9,8,7,6,5,4,3,2,1, 47
2 10,9,8,7,6,5,4,3,2, 46
3 10,9,8,7,6,5,4,3, 42
4 10,9,8,7,6,5,4, 34
5 10,9,8,7,6,5, 24
6 10,9,8,7,6, 22
7 10,9,8,7, 16
8 10,9,8, 13
9 10,9, 3
11 10,11, 8
12 10,11,12, 11
13 10,11,12,13, 19
14 10,11,12,13,14, 29
15 10,11,12,13,14,15, 36
16 10,11,12,13,14,15,16, 43
17 10,11,12,13,14,15,16,17, 51
18 10,11,12,13,14,15,16,17,18, 53
19 10,11,12,13,14,15,16,17,18,19, 61
20 10,11,12,13,14,15,16,17,18,19,20, 69
time =  35.30110192298889
0 10,9,8,7,6,5,4,3,2,1,0, 57
1 10,9,8,7,6,5,4,3,2,1, 47
2 10,9,8,7,6,5,4,3,2, 40
3 10,9,8,7,6,5,4,3, 36
4 10,9,8,7,6,5,4, 32
5 10,9,8,7,6,5, 24
6 10,9,8,7,6, 15
7 10,9,8,7, 14
8 10,9,8, 5
9 10,9, 3
11 10,11, 3
12 10,11,12, 12
13 10,11,12,13, 14
14 10,11,12,13,14, 20
15 10,11,12,13,14,15, 27
16 10,11,12,13,14,15,16, 29
17 10,11,12,13,14,15,16,17, 32
18 10,11,12,13,14,15,16,17,18, 38
19 10,11,12,13,14,15,16,17,18,19, 41
20 10,11,12,13,14,15,16,17,18,19,20, 44
