time =  0.06194496154785156
0 4,5,0, 9
1 1, 1000000000
2 2, 1000000000
3 3, 1000000000
5 4,5, 2
6 4,5,6, 3
7 4,7, 7
time =  5.09564733505249
0 4,5,0, 3
1 4,5,0,1, 5
2 4,7,2, 9
3 4,3, 7
5 4,5, 2
6 4,5,0,6, 4
7 4,7, 1
time =  10.11657190322876
0 4,7,0, 7
1 4,7,1, 5
2 4,2, 5
3 4,3, 5
5 4,5, 2
6 4,6, 4
7 4,7, 2
time =  15.139894008636475
0 4,2,0, 7
1 4,2,1, 11
2 4,2, 6
3 4,2,3, 9
5 4,5, 8
6 4,6, 7
7 4,2,0,7, 8
time =  20.210435152053833
0 4,2,0, 10
1 4,2,1, 8
2 4,2, 5
3 4,3, 7
5 4,5, 7
6 4,6, 9
7 4,2,7, 7
time =  25.241405725479126
0 4,7,0, 5
1 4,7,1, 5
2 4,2, 3
3 4,3, 4
5 4,5, 4
6 4,7,6, 4
7 4,7, 3
time =  30.30020046234131
0 4,7,0, 11
1 4,3,1, 9
2 4,2, 10
3 4,3, 5
5 4,7,5, 5
6 4,7,6, 4
7 4,7, 2
time =  35.325748920440674
0 4,6,0, 10
1 4,2,1, 7
2 4,2, 4
3 4,3, 10
5 4,5, 8
6 4,6, 7
7 4,5,7, 9
time =  0.12155294418334961
0 0, 1000000000
1 1, 1000000000
2 2, 1000000000
3 3, 1000000000
5 5, 1000000000
6 6, 1000000000
7 7, 1000000000
8 8, 1000000000
9 9, 1000000000
10 10, 1000000000
11 11, 1000000000
12 12, 1000000000
13 13, 1000000000
14 14, 1000000000
15 15, 1000000000
16 16, 1000000000
17 17, 1000000000
18 18, 1000000000
19 19, 1000000000
20 20, 1000000000
time =  5.192764043807983
0 4,3,2,1,0, 31
1 4,3,2,1, 23
2 4,3,2, 14
3 4,3, 5
5 4,5, 2
6 4,5,6, 3
7 4,5,6,7, 9
8 4,5,6,7,8, 13
9 4,5,6,7,8,9, 22
10 4,5,6,7,8,9,10, 31
11 4,5,6,7,8,9,10,11, 38
12 4,5,6,7,8,9,10,11,12, 40
13 4,5,6,7,8,9,10,11,12,13, 42
14 4,5,6,7,8,9,10,11,12,13,14, 44
15 4,5,6,7,8,9,10,11,12,13,14,15, 53
16 4,5,6,7,8,9,10,11,12,13,14,15,16, 62
17 4,5,6,7,8,9,10,11,12,13,14,15,16,17, 70
18 4,5,6,7,8,9,10,11,12,13,14,15,16,17,18, 76
19 4,5,6,7,8,9,10,11,12,13,14,15,16,17,18,19, 77
20 4,5,6,7,8,9,10,11,12,13,14,15,16,17,18,19,20, 82
time =  10.203495502471924
0 4,3,2,1,0, 24
1 4,3,2,1, 15
2 4,3,2, 13
3 4,3, 10
5 4,5, 2
6 4,5,6, 12
7 4,5,6,7, 15
8 4,5,6,7,8, 20
9 4,5,6,7,8,9, 21
10 4,5,6,7,8,9,10, 29
11 4,5,6,7,8,9,10,11, 36
12 4,5,6,7,8,9,10,11,12, 42
13 4,5,6,7,8,9,10,11,12,13, 44
14 4,5,6,7,8,9,10,11,12,13,14, 45
15 4,5,6,7,8,9,10,11,12,13,14,15, 48
16 4,5,6,7,8,9,10,11,12,13,14,15,16, 51
17 4,5,6,7,8,9,10,11,12,13,14,15,16,17, 59
18 4,5,6,7,8,9,10,11,12,13,14,15,16,17,18, 60
19 4,5,6,7,8,9,10,11,12,13,14,15,16,17,18,19, 65
20 4,5,6,7,8,9,10,11,12,13,14,15,16,17,18,19,20, 75
time =  15.221288919448853
0 4,3,2,1,0, 20
1 4,3,2,1, 15
2 4,3,2, 11
3 4,3, 5
5 4,5, 4
6 4,5,6, 12
7 4,5,6,7, 22
8 4,5,6,7,8, 31
9 4,5,6,7,8,9, 41
10 4,5,6,7,8,9,10, 47
11 4,5,6,7,8,9,10,11, 57
12 4,5,6,7,8,9,10,11,12, 63
13 4,5,6,7,8,9,10,11,12,13, 69
14 4,5,6,7,8,9,10,11,12,13,14, 70
15 4,5,6,7,8,9,10,11,12,13,14,15, 79
16 4,5,6,7,8,9,10,11,12,13,14,15,16, 84
17 4,5,6,7,8,9,10,11,12,13,14,15,16,17, 89
18 4,5,6,7,8,9,10,11,12,13,14,15,16,17,18, 97
19 4,5,6,7,8,9,10,11,12,13,14,15,16,17,18,19, 98
20 4,5,6,7,8,9,10,11,12,13,14,15,16,17,18,19,20, 107
time =  20.231159210205078
0 4,3,2,1,0, 19
1 4,3,2,1, 17
2 4,3,2, 9
3 4,3, 6
5 4,5, 7
6 4,5,6, 8
7 4,5,6,7, 9
8 4,5,6,7,8, 19
9 4,5,6,7,8,9, 20
10 4,5,6,7,8,9,10, 28
11 4,5,6,7,8,9,10,11, 32
12 4,5,6,7,8,9,10,11,12, 36
13 4,5,6,7,8,9,10,11,12,13, 46
14 4,5,6,7,8,9,10,11,12,13,14, 53
15 4,5,6,7,8,9,10,11,12,13,14,15, 56
16 4,5,6,7,8,9,10,11,12,13,14,15,16, 57
17 4,5,6,7,8,9,10,11,12,13,14,15,16,17, 60
18 4,5,6,7,8,9,10,11,12,13,14,15,16,17,18, 61
19 4,5,6,7,8,9,10,11,12,13,14,15,16,17,18,19, 66
20 4,5,6,7,8,9,10,11,12,13,14,15,16,17,18,19,20, 68
time =  25.288987159729004
0 4,3,2,1,0, 33
1 4,3,2,1, 24
2 4,3,2, 14
3 4,3, 10
5 4,5, 3
6 4,5,6, 6
7 4,5,6,7, 8
8 4,5,6,7,8, 12
9 4,5,6,7,8,9, 14
10 4,5,6,7,8,9,10, 17
11 4,5,6,7,8,9,10,11, 18
12 4,5,6,7,8,9,10,11,12, 23
13 4,5,6,7,8,9,10,11,12,13, 29
14 4,5,6,7,8,9,10,11,12,13,14, 38
15 4,5,6,7,8,9,10,11,12,13,14,15, 43
16 4,5,6,7,8,9,10,11,12,13,14,15,16, 50
17 4,5,6,7,8,9,10,11,12,13,14,15,16,17, 57
18 4,5,6,7,8,9,10,11,12,13,14,15,16,17,18, 60
19 4,5,6,7,8,9,10,11,12,13,14,15,16,17,18,19, 70
20 4,5,6,7,8,9,10,11,12,13,14,15,16,17,18,19,20, 73
time =  30.304736375808716
0 4,3,2,1,0, 20
1 4,3,2,1, 18
2 4,3,2, 8
3 4,3, 4
5 4,5, 7
6 4,5,6, 9
7 4,5,6,7, 15
8 4,5,6,7,8, 18
9 4,5,6,7,8,9, 28
10 4,5,6,7,8,9,10, 31
11 4,5,6,7,8,9,10,11, 41
12 4,5,6,7,8,9,10,11,12, 44
13 4,5,6,7,8,9,10,11,12,13, 52
14 4,5,6,7,8,9,10,11,12,13,14, 62
15 4,5,6,7,8,9,10,11,12,13,14,15, 69
16 4,5,6,7,8,9,10,11,12,13,14,15,16, 76
17 4,5,6,7,8,9,10,11,12,13,14,15,16,17, 84
18 4,5,6,7,8,9,10,11,12,13,14,15,16,17,18, 86
19 4,5,6,7,8,9,10,11,12,13,14,15,16,17,18,19, 94
20 4,5,6,7,8,9,10,11,12,13,14,15,16,17,18,19,20, 102
time =  35.32362985610962
0 4,3,2,1,0, 25
1 4,3,2,1, 15
2 4,3,2, 8
3 4,3, 4
5 4,5, 2
6 4,5,6, 11
7 4,5,6,7, 12
8 4,5,6,7,8, 21
9 4,5,6,7,8,9, 23
10 4,5,6,7,8,9,10, 26
11 4,5,6,7,8,9,10,11, 28
12 4,5,6,7,8,9,10,11,12, 37
13 4,5,6,7,8,9,10,11,12,13, 39
14 4,5,6,7,8,9,10,11,12,13,14, 45
15 4,5,6,7,8,9,10,11,12,13,14,15, 52
16 4,5,6,7,8,9,10,11,12,13,14,15,16, 54
17 4,5,6,7,8,9,10,11,12,13,14,15,16,17, 57
18 4,5,6,7,8,9,10,11,12,13,14,15,16,17,18, 63
19 4,5,6,7,8,9,10,11,12,13,14,15,16,17,18,19, 66
20 4,5,6,7,8,9,10,11,12,13,14,15,16,17,18,19,20, 69
