time =  0.05807852745056152
0 0, 1000000000
1 1, 1000000000
3 3, 1000000000
4 4, 1000000000
5 5, 1000000000
6 6, 1000000000
7 7, 1000000000
time =  5.068674087524414
0 2,0, 7
1 2,1, 7
3 2,3, 3
4 2,4, 10
5 2,0,5, 8
6 2,0,6, 8
7 2,7, 9
time =  10.07213044166565
0 2,0, 2
1 2,1, 6
3 2,3, 3
4 2,4, 7
5 2,0,5, 6
6 2,0,5,6, 9
7 2,7, 4
time =  15.087321519851685
0 2,0, 1
1 2,1, 5
3 2,3, 3
4 2,4, 6
5 2,0,5, 9
6 2,0,6, 7
7 2,0,7, 2
time =  20.109015226364136
0 2,0, 5
1 2,1, 3
3 2,7,3, 6
4 2,4, 9
5 2,7,5, 8
6 2,0,6, 9
7 2,7, 4
time =  25.12760901451111
0 2,0, 8
1 2,1, 8
3 2,3, 8
4 2,4, 3
5 2,4,5, 7
6 2,4,7,6, 7
7 2,4,7, 6
time =  30.147623300552368
0 2,0, 3
1 2,1, 2
3 2,1,3, 6
4 2,0,6,4, 8
5 2,0,6,5, 7
6 2,0,6, 5
7 2,1,7, 4
time =  35.18759870529175
0 2,0, 8
1 2,1, 3
3 2,1,3, 6
4 2,4, 4
5 2,7,5, 7
6 2,7,6, 9
7 2,7, 6
time =  0.08424901962280273
0 0, 1000000000
1 2,1, 10
3 2,3, 10
4 4, 1000000000
5 5, 1000000000
6 6, 1000000000
7 7, 1000000000
8 8, 1000000000
9 9, 1000000000
10 10, 1000000000
11 11, 1000000000
12 12, 1000000000
13 13, 1000000000
14 14, 1000000000
15 15, 1000000000
16 16, 1000000000
17 17, 1000000000
18 18, 1000000000
19 19, 1000000000
20 20, 1000000000
time =  5.112555980682373
0 2,1,0, 17
1 2,1, 9
3 2,3, 9
4 2,3,4, 19
5 2,3,4,5, 22
6 2,3,4,5,6, 23
7 2,3,4,5,6,7, 29
8 2,3,4,5,6,7,8, 33
9 2,3,4,5,6,7,8,9, 42
10 2,3,4,5,6,7,8,9,10, 51
11 2,3,4,5,6,7,8,9,10,11, 58
12 2,3,4,5,6,7,8,9,10,11,12, 60
13 2,3,4,5,6,7,8,9,10,11,12,13, 62
14 2,3,4,5,6,7,8,9,10,11,12,13,14, 64
15 2,3,4,5,6,7,8,9,10,11,12,13,14,15, 73
16 2,3,4,5,6,7,8,9,10,11,12,13,14,15,16, 82
17 2,3,4,5,6,7,8,9,10,11,12,13,14,15,16,17, 90
18 2,3,4,5,6,7,8,9,10,11,12,13,14,15,16,17,18, 96
19 2,3,4,5,6,7,8,9,10,11,12,13,14,15,16,17,18,19, 97
20 2,3,4,5,6,7,8,9,10,11,12,13,14,15,16,17,18,19,20, 107
time =  10.16471529006958
0 2,1,0, 11
1 2,1, 2
3 2,3, 3
4 2,3,4, 13
5 2,3,4,5, 21
6 2,3,4,5,6, 31
7 2,3,4,5,6,7, 37
8 2,3,4,5,6,7,8, 46
9 2,3,4,5,6,7,8,9, 47
10 2,3,4,5,6,7,8,9,10, 55
11 2,3,4,5,6,7,8,9,10,11, 62
12 2,3,4,5,6,7,8,9,10,11,12, 68
13 2,3,4,5,6,7,8,9,10,11,12,13, 70
14 2,3,4,5,6,7,8,9,10,11,12,13,14, 71
15 2,3,4,5,6,7,8,9,10,11,12,13,14,15, 74
16 2,3,4,5,6,7,8,9,10,11,12,13,14,15,16, 77
17 2,3,4,5,6,7,8,9,10,11,12,13,14,15,16,17, 85
18 2,3,4,5,6,7,8,9,10,11,12,13,14,15,16,17,18, 86
19 2,3,4,5,6,7,8,9,10,11,12,13,14,15,16,17,18,19, 91
20 2,3,4,5,6,7,8,9,10,11,12,13,14,15,16,17,18,19,20, 101
time =  15.1925687789917
0 2,1,0, 13
1 2,1, 8
3 2,3, 6
4 2,3,4, 11
5 2,3,4,5, 16
6 2,3,4,5,6, 24
7 2,3,4,5,6,7, 34
8 2,3,4,5,6,7,8, 43
9 2,3,4,5,6,7,8,9, 53
10 2,3,4,5,6,7,8,9,10, 59
11 2,3,4,5,6,7,8,9,10,11, 69
12 2,3,4,5,6,7,8,9,10,11,12, 75
13 2,3,4,5,6,7,8,9,10,11,12,13, 81
14 2,3,4,5,6,7,8,9,10,11,12,13,14, 82
15 2,3,4,5,6,7,8,9,10,11,12,13,14,15, 91
16 2,3,4,5,6,7,8,9,10,11,12,13,14,15,16, 96
17 2,3,4,5,6,7,8,9,10,11,12,13,14,15,16,17, 101
18 2,3,4,5,6,7,8,9,10,11,12,13,14,15,16,17,18, 109
19 2,3,4,5,6,7,8,9,10,11,12,13,14,15,16,17,18,19, 110
20 2,3,4,5,6,7,8,9,10,11,12,13,14,15,16,17,18,19,20, 112
time =  20.24688959121704
0 2,1,0, 10
1 2,1, 8
3 2,3, 3
4 2,3,4, 4
5 2,3,4,5, 14
6 2,3,4,5,6, 15
7 2,3,4,5,6,7, 16
8 2,3,4,5,6,7,8, 26
9 2,3,4,5,6,7,8,9, 27
10 2,3,4,5,6,7,8,9,10, 35
11 2,3,4,5,6,7,8,9,10,11, 39
12 2,3,4,5,6,7,8,9,10,11,12, 43
13 2,3,4,5,6,7,8,9,10,11,12,13, 53
14 2,3,4,5,6,7,8,9,10,11,12,13,14, 60
15 2,3,4,5,6,7,8,9,10,11,12,13,14,15, 63
16 2,3,4,5,6,7,8,9,10,11,12,13,14,15,16, 64
17 2,3,4,5,6,7,8,9,10,11,12,13,14,15,16,17, 67
18 2,3,4,5,6,7,8,9,10,11,12,13,14,15,16,17,18, 68
19 2,3,4,5,6,7,8,9,10,11,12,13,14,15,16,17,18,19, 73
20 2,3,4,5,6,7,8,9,10,11,12,13,14,15,16,17,18,19,20, 75
time =  25.267772436141968
0 2,1,0, 18
1 2,1, 9
3 2,3, 10
4 2,3,4, 20
5 2,3,4,5, 30
6 2,3,4,5,6, 33
7 2,3,4,5,6,7, 35
8 2,3,4,5,6,7,8, 39
9 2,3,4,5,6,7,8,9, 41
10 2,3,4,5,6,7,8,9,10, 44
11 2,3,4,5,6,7,8,9,10,11, 45
12 2,3,4,5,6,7,8,9,10,11,12, 50
13 2,3,4,5,6,7,8,9,10,11,12,13, 56
14 2,3,4,5,6,7,8,9,10,11,12,13,14, 57
15 2,3,4,5,6,7,8,9,10,11,12,13,14,15, 62
16 2,3,4,5,6,7,8,9,10,11,12,13,14,15,16, 69
17 2,3,4,5,6,7,8,9,10,11,12,13,14,15,16,17, 76
18 2,3,4,5,6,7,8,9,10,11,12,13,14,15,16,17,18, 79
19 2,3,4,5,6,7,8,9,10,11,12,13,14,15,16,17,18,19, 89
20 2,3,4,5,6,7,8,9,10,11,12,13,14,15,16,17,18,19,20, 92
time =  30.281121015548706
0 2,1,0, 12
1 2,1, 10
3 2,3, 4
4 2,3,4, 12
5 2,3,4,5, 22
6 2,3,4,5,6, 24
7 2,3,4,5,6,7, 30
8 2,3,4,5,6,7,8, 33
9 2,3,4,5,6,7,8,9, 43
10 2,3,4,5,6,7,8,9,10, 46
11 2,3,4,5,6,7,8,9,10,11, 56
12 2,3,4,5,6,7,8,9,10,11,12, 59
13 2,3,4,5,6,7,8,9,10,11,12,13, 67
14 2,3,4,5,6,7,8,9,10,11,12,13,14, 77
15 2,3,4,5,6,7,8,9,10,11,12,13,14,15, 84
16 2,3,4,5,6,7,8,9,10,11,12,13,14,15,16, 91
17 2,3,4,5,6,7,8,9,10,11,12,13,14,15,16,17, 99
18 2,3,4,5,6,7,8,9,10,11,12,13,14,15,16,17,18, 101
19 2,3,4,5,6,7,8,9,10,11,12,13,14,15,16,17,18,19, 109
20 2,3,4,5,6,7,8,9,10,11,12,13,14,15,16,17,18,19,20, 117
time =  35.331045150756836
0 2,1,0, 17
1 2,1, 7
3 2,3, 5
4 2,3,4, 9
5 2,3,4,5, 17
6 2,3,4,5,6, 26
7 2,3,4,5,6,7, 27
8 2,3,4,5,6,7,8, 36
9 2,3,4,5,6,7,8,9, 38
10 2,3,4,5,6,7,8,9,10, 41
11 2,3,4,5,6,7,8,9,10,11, 43
12 2,3,4,5,6,7,8,9,10,11,12, 52
13 2,3,4,5,6,7,8,9,10,11,12,13, 54
14 2,3,4,5,6,7,8,9,10,11,12,13,14, 62
15 2,3,4,5,6,7,8,9,10,11,12,13,14,15, 69
16 2,3,4,5,6,7,8,9,10,11,12,13,14,15,16, 71
17 2,3,4,5,6,7,8,9,10,11,12,13,14,15,16,17, 74
18 2,3,4,5,6,7,8,9,10,11,12,13,14,15,16,17,18, 80
19 2,3,4,5,6,7,8,9,10,11,12,13,14,15,16,17,18,19, 83
20 2,3,4,5,6,7,8,9,10,11,12,13,14,15,16,17,18,19,20, 86
