time =  0.05835580825805664
0 5,0, 7
1 1, 1000000000
2 2, 1000000000
3 3, 1000000000
4 5,4, 2
6 5,6, 1
7 5,7, 8
time =  5.089499235153198
0 5,6,0, 2
1 5,6,0,1, 4
2 5,3,2, 8
3 5,3, 4
4 5,4, 2
6 5,6, 1
7 5,4,7, 4
time =  10.10858702659607
0 5,3,2,0, 8
1 5,3,1, 10
2 5,3,2, 6
3 5,3, 5
4 5,4, 2
6 5,6, 4
7 5,7, 7
time =  15.1307373046875
0 5,0, 3
1 5,0,1, 7
2 5,0,2, 4
3 5,0,2,3, 7
4 5,4, 10
6 5,6, 3
7 5,0,7, 4
time =  20.142492532730103
0 5,0, 9
1 5,3,1, 5
2 5,3,1,2, 8
3 5,3, 4
4 5,3,4, 5
6 5,3,1,7,6, 9
7 5,3,1,7, 7
time =  25.15048575401306
0 5,0, 4
1 5,7,1, 7
2 5,4,2, 7
3 5,3, 8
4 5,4, 4
6 5,0,6, 6
7 5,7, 5
time =  30.162459135055542
0 5,0, 8
1 5,4,3,1, 9
2 5,4,2, 11
3 5,4,3, 5
4 5,4, 1
6 5,4,6, 4
7 5,7, 3
time =  35.19869112968445
0 5,0, 2
1 5,0,1, 11
2 5,0,2, 10
3 5,3, 10
4 5,4, 8
6 5,6, 5
7 5,7, 5
time =  0.16454744338989258
0 0, 1000000000
1 1, 1000000000
2 2, 1000000000
3 3, 1000000000
4 4, 1000000000
6 5,6, 3
7 7, 1000000000
8 8, 1000000000
9 9, 1000000000
10 10, 1000000000
11 11, 1000000000
12 12, 1000000000
13 13, 1000000000
14 14, 1000000000
15 15, 1000000000
16 16, 1000000000
17 17, 1000000000
18 18, 1000000000
19 19, 1000000000
20 20, 1000000000
time =  5.20001745223999
0 5,4,3,2,1,0, 39
1 5,4,3,2,1, 31
2 5,4,3,2, 22
3 5,4,3, 13
4 5,4, 3
6 5,6, 1
7 5,6,7, 7
8 5,6,7,8, 11
9 5,6,7,8,9, 20
10 5,6,7,8,9,10, 29
11 5,6,7,8,9,10,11, 36
12 5,6,7,8,9,10,11,12, 38
13 5,6,7,8,9,10,11,12,13, 40
14 5,6,7,8,9,10,11,12,13,14, 42
15 5,6,7,8,9,10,11,12,13,14,15, 51
16 5,6,7,8,9,10,11,12,13,14,15,16, 60
17 5,6,7,8,9,10,11,12,13,14,15,16,17, 68
18 5,6,7,8,9,10,11,12,13,14,15,16,17,18, 74
19 5,6,7,8,9,10,11,12,13,14,15,16,17,18,19, 75
20 5,6,7,8,9,10,11,12,13,14,15,16,17,18,19,20, 80
time =  10.242378234863281
0 5,4,3,2,1,0, 26
1 5,4,3,2,1, 17
2 5,4,3,2, 15
3 5,4,3, 12
4 5,4, 2
6 5,6, 8
7 5,6,7, 11
8 5,6,7,8, 16
9 5,6,7,8,9, 17
10 5,6,7,8,9,10, 25
11 5,6,7,8,9,10,11, 32
12 5,6,7,8,9,10,11,12, 38
13 5,6,7,8,9,10,11,12,13, 40
14 5,6,7,8,9,10,11,12,13,14, 41
15 5,6,7,8,9,10,11,12,13,14,15, 44
16 5,6,7,8,9,10,11,12,13,14,15,16, 47
17 5,6,7,8,9,10,11,12,13,14,15,16,17, 55
18 5,6,7,8,9,10,11,12,13,14,15,16,17,18, 56
19 5,6,7,8,9,10,11,12,13,14,15,16,17,18,19, 61
20 5,6,7,8,9,10,11,12,13,14,15,16,17,18,19,20, 71
time =  15.307643175125122
0 5,4,3,2,1,0, 25
1 5,4,3,2,1, 20
2 5,4,3,2, 16
3 5,4,3, 10
4 5,4, 5
6 5,6, 8
7 5,6,7, 18
8 5,6,7,8, 27
9 5,6,7,8,9, 37
10 5,6,7,8,9,10, 43
11 5,6,7,8,9,10,11, 53
12 5,6,7,8,9,10,11,12, 59
13 5,6,7,8,9,10,11,12,13, 65
14 5,6,7,8,9,10,11,12,13,14, 66
15 5,6,7,8,9,10,11,12,13,14,15, 75
16 5,6,7,8,9,10,11,12,13,14,15,16, 80
17 5,6,7,8,9,10,11,12,13,14,15,16,17, 85
18 5,6,7,8,9,10,11,12,13,14,15,16,17,18, 93
19 5,6,7,8,9,10,11,12,13,14,15,16,17,18,19, 94
20 5,6,7,8,9,10,11,12,13,14,15,16,17,18,19,20, 103
time =  20.350962162017822
0 5,4,3,2,1,0, 29
1 5,4,3,2,1, 26
2 5,4,3,2, 18
3 5,4,3, 15
4 5,4, 9
6 5,6, 6
7 5,6,7, 7
8 5,6,7,8, 13
9 5,6,7,8,9, 14
10 5,6,7,8,9,10, 22
11 5,6,7,8,9,10,11, 27
12 5,6,7,8,9,10,11,12, 31
13 5,6,7,8,9,10,11,12,13, 41
14 5,6,7,8,9,10,11,12,13,14, 48
15 5,6,7,8,9,10,11,12,13,14,15, 51
16 5,6,7,8,9,10,11,12,13,14,15,16, 52
17 5,6,7,8,9,10,11,12,13,14,15,16,17, 55
18 5,6,7,8,9,10,11,12,13,14,15,16,17,18, 56
19 5,6,7,8,9,10,11,12,13,14,15,16,17,18,19, 61
20 5,6,7,8,9,10,11,12,13,14,15,16,17,18,19,20, 63
time =  25.399710416793823
0 5,4,3,2,1,0, 36
1 5,4,3,2,1, 27
2 5,4,3,2, 17
3 5,4,3, 13
4 5,4, 3
6 5,6, 1
7 5,6,7, 3
8 5,6,7,8, 7
9 5,6,7,8,9, 9
10 5,6,7,8,9,10, 12
11 5,6,7,8,9,10,11, 13
12 5,6,7,8,9,10,11,12, 18
13 5,6,7,8,9,10,11,12,13, 24
14 5,6,7,8,9,10,11,12,13,14, 33
15 5,6,7,8,9,10,11,12,13,14,15, 38
16 5,6,7,8,9,10,11,12,13,14,15,16, 45
17 5,6,7,8,9,10,11,12,13,14,15,16,17, 52
18 5,6,7,8,9,10,11,12,13,14,15,16,17,18, 55
19 5,6,7,8,9,10,11,12,13,14,15,16,17,18,19, 65
20 5,6,7,8,9,10,11,12,13,14,15,16,17,18,19,20, 73
time =  30.412664890289307
0 5,4,3,2,1,0, 34
1 5,4,3,2,1, 25
2 5,4,3,2, 15
3 5,4,3, 11
4 5,4, 7
6 5,6, 5
7 5,6,7, 15
8 5,6,7,8, 17
9 5,6,7,8,9, 27
10 5,6,7,8,9,10, 30
11 5,6,7,8,9,10,11, 40
12 5,6,7,8,9,10,11,12, 43
13 5,6,7,8,9,10,11,12,13, 51
14 5,6,7,8,9,10,11,12,13,14, 61
15 5,6,7,8,9,10,11,12,13,14,15, 68
16 5,6,7,8,9,10,11,12,13,14,15,16, 75
17 5,6,7,8,9,10,11,12,13,14,15,16,17, 83
18 5,6,7,8,9,10,11,12,13,14,15,16,17,18, 85
19 5,6,7,8,9,10,11,12,13,14,15,16,17,18,19, 93
20 5,6,7,8,9,10,11,12,13,14,15,16,17,18,19,20, 101
time =  35.42367744445801
0 5,4,3,2,1,0, 33
1 5,4,3,2,1, 23
2 5,4,3,2, 16
3 5,4,3, 12
4 5,4, 8
6 5,6, 2
7 5,6,7, 3
8 5,6,7,8, 12
9 5,6,7,8,9, 14
10 5,6,7,8,9,10, 17
11 5,6,7,8,9,10,11, 19
12 5,6,7,8,9,10,11,12, 28
13 5,6,7,8,9,10,11,12,13, 30
14 5,6,7,8,9,10,11,12,13,14, 36
15 5,6,7,8,9,10,11,12,13,14,15, 43
16 5,6,7,8,9,10,11,12,13,14,15,16, 45
17 5,6,7,8,9,10,11,12,13,14,15,16,17, 48
18 5,6,7,8,9,10,11,12,13,14,15,16,17,18, 54
19 5,6,7,8,9,10,11,12,13,14,15,16,17,18,19, 57
20 5,6,7,8,9,10,11,12,13,14,15,16,17,18,19,20, 60
