time =  0.09920573234558105
0 0, 1000000000
1 1, 1000000000
2 2, 1000000000
3 3, 1000000000
4 4, 1000000000
5 5, 1000000000
6 6, 1000000000
7 7, 1000000000
9 8,9, 3
10 8,9,10, 8
11 11, 1000000000
12 12, 1000000000
13 13, 1000000000
14 14, 1000000000
15 15, 1000000000
16 16, 1000000000
17 17, 1000000000
18 18, 1000000000
19 19, 1000000000
20 20, 1000000000
time =  5.187829971313477
0 8,7,6,5,4,3,2,1,0, 50
1 8,7,6,5,4,3,2,1, 42
2 8,7,6,5,4,3,2, 33
3 8,7,6,5,4,3, 24
4 8,7,6,5,4, 14
5 8,7,6,5, 11
6 8,7,6, 10
7 8,7, 4
9 8,9, 9
10 8,9,10, 18
11 8,9,10,11, 25
12 8,9,10,11,12, 27
13 8,9,10,11,12,13, 29
14 8,9,10,11,12,13,14, 31
15 8,9,10,11,12,13,14,15, 40
16 8,9,10,11,12,13,14,15,16, 49
17 8,9,10,11,12,13,14,15,16,17, 57
18 8,9,10,11,12,13,14,15,16,17,18, 63
19 8,9,10,11,12,13,14,15,16,17,18,19, 64
20 8,9,10,11,12,13,14,15,16,17,18,19,20, 69
time =  10.21665072441101
0 8,7,6,5,4,3,2,1,0, 51
1 8,7,6,5,4,3,2,1, 42
2 8,7,6,5,4,3,2, 40
3 8,7,6,5,4,3, 37
4 8,7,6,5,4, 27
5 8,7,6,5, 18
6 8,7,6, 8
7 8,7, 5
9 8,9, 4
10 8,9,10, 10
11 8,9,10,11, 17
12 8,9,10,11,12, 22
13 8,9,10,11,12,13, 27
14 8,9,10,11,12,13,14, 28
15 8,9,10,11,12,13,14,15, 31
16 8,9,10,11,12,13,14,15,16, 34
17 8,9,10,11,12,13,14,15,16,17, 42
18 8,9,10,11,12,13,14,15,16,17,18, 43
19 8,9,10,11,12,13,14,15,16,17,18,19, 48
20 8,9,10,11,12,13,14,15,16,17,18,19,20, 58
time =  15.258049726486206
0 8,7,6,5,4,3,2,1,0, 52
1 8,7,6,5,4,3,2,1, 47
2 8,7,6,5,4,3,2, 43
3 8,7,6,5,4,3, 37
4 8,7,6,5,4, 32
5 8,7,6,5, 27
6 8,7,6, 19
7 8,7, 9
9 8,9, 3
10 8,9,10, 9
11 8,9,10,11, 19
12 8,9,10,11,12, 25
13 8,9,10,11,12,13, 31
14 8,9,10,11,12,13,14, 32
15 8,9,10,11,12,13,14,15, 41
16 8,9,10,11,12,13,14,15,16, 46
17 8,9,10,11,12,13,14,15,16,17, 51
18 8,9,10,11,12,13,14,15,16,17,18, 59
19 8,9,10,11,12,13,14,15,16,17,18,19, 60
20 8,9,10,11,12,13,14,15,16,17,18,19,20, 69
time =  20.266706228256226
0 8,7,6,5,4,3,2,1,0, 40
1 8,7,6,5,4,3,2,1, 37
2 8,7,6,5,4,3,2, 29
3 8,7,6,5,4,3, 26
4 8,7,6,5,4, 20
5 8,7,6,5, 13
6 8,7,6, 9
7 8,7, 8
9 8,9, 10
10 8,9,10, 18
11 8,9,10,11, 23
12 8,9,10,11,12, 28
13 8,9,10,11,12,13, 38
14 8,9,10,11,12,13,14, 45
15 8,9,10,11,12,13,14,15, 48
16 8,9,10,11,12,13,14,15,16, 49
17 8,9,10,11,12,13,14,15,16,17, 52
18 8,9,10,11,12,13,14,15,16,17,18, 53
19 8,9,10,11,12,13,14,15,16,17,18,19, 58
20 8,9,10,11,12,13,14,15,16,17,18,19,20, 60
time =  25.321325302124023
0 8,7,6,5,4,3,2,1,0, 52
1 8,7,6,5,4,3,2,1, 43
2 8,7,6,5,4,3,2, 33
3 8,7,6,5,4,3, 29
4 8,7,6,5,4, 19
5 8,7,6,5, 9
6 8,7,6, 6
7 8,7, 4
9 8,9, 9
10 8,9,10, 12
11 8,9,10,11, 13
12 8,9,10,11,12, 18
13 8,9,10,11,12,13, 24
14 8,9,10,11,12,13,14, 33
15 8,9,10,11,12,13,14,15, 38
16 8,9,10,11,12,13,14,15,16, 45
17 8,9,10,11,12,13,14,15,16,17, 52
18 8,9,10,11,12,13,14,15,16,17,18, 55
19 8,9,10,11,12,13,14,15,16,17,18,19, 65
20 8,9,10,11,12,13,14,15,16,17,18,19,20, 73
time =  30.38116693496704
0 8,7,6,5,4,3,2,1,0, 51
1 8,7,6,5,4,3,2,1, 42
2 8,7,6,5,4,3,2, 32
3 8,7,6,5,4,3, 28
4 8,7,6,5,4, 24
5 8,7,6,5, 17
6 8,7,6, 12
7 8,7, 2
9 8,9, 10
10 8,9,10, 13
11 8,9,10,11, 21
12 8,9,10,11,12, 29
13 8,9,10,11,12,13, 34
14 8,9,10,11,12,13,14, 44
15 8,9,10,11,12,13,14,15, 51
16 8,9,10,11,12,13,14,15,16, 58
17 8,9,10,11,12,13,14,15,16,17, 66
18 8,9,10,11,12,13,14,15,16,17,18, 68
19 8,9,10,11,12,13,14,15,16,17,18,19, 76
20 8,9,10,11,12,13,14,15,16,17,18,19,20, 84
time =  35.41064405441284
0 8,7,6,5,4,3,2,1,0, 52
1 8,7,6,5,4,3,2,1, 42
2 8,7,6,5,4,3,2, 35
3 8,7,6,5,4,3, 31
4 8,7,6,5,4, 27
5 8,7,6,5, 19
6 8,7,6, 10
7 8,7, 9
9 8,9, 4
10 8,9,10, 7
11 8,9,10,11, 9
12 8,9,10,11,12, 18
13 8,9,10,11,12,13, 20
14 8,9,10,11,12,13,14, 26
15 8,9,10,11,12,13,14,15, 33
16 8,9,10,11,12,13,14,15,16, 35
17 8,9,10,11,12,13,14,15,16,17, 38
18 8,9,10,11,12,13,14,15,16,17,18, 44
19 8,9,10,11,12,13,14,15,16,17,18,19, 47
20 8,9,10,11,12,13,14,15,16,17,18,19,20, 48
