time =  0.025774717330932617
0 0, 1000000000
2 2, 1000000000
3 3, 1000000000
4 4, 1000000000
5 5, 1000000000
6 6, 1000000000
7 7, 1000000000
time =  5.0342700481414795
0 1,0, 2
2 1,2, 1
3 1,2,3, 5
4 1,0,5,4, 5
5 1,0,5, 3
6 1,0,6, 3
7 1,0,5,4,7, 7
time =  10.058357954025269
0 1,2,0, 7
2 1,2, 6
3 1,3, 5
4 1,3,4, 9
5 1,3,5, 9
6 1,3,4,6, 12
7 1,7, 7
time =  15.080235242843628
0 1,2,0, 3
2 1,2, 2
3 1,2,3, 5
4 1,2,4, 8
5 1,2,0,5, 11
6 1,2,0,6, 9
7 1,2,0,7, 4
time =  20.105225563049316
0 1,7,0, 6
2 1,2, 3
3 1,3, 1
4 1,3,4, 6
5 1,3,5, 5
6 1,3,5,6, 9
7 1,7, 2
time =  25.121211528778076
0 1,0, 10
2 1,2, 9
3 1,3, 7
4 1,3,5,4, 12
5 1,3,5, 8
6 1,7,6, 10
7 1,7, 9
time =  30.146902561187744
0 1,2,0, 5
2 1,2, 2
3 1,3, 4
4 1,2,0,6,4, 10
5 1,2,0,6,5, 9
6 1,2,0,6, 7
7 1,2,0,7, 6
time =  35.16628670692444
0 1,7,0, 4
2 1,2, 7
3 1,3, 4
4 1,7,5,4, 10
5 1,7,5, 2
6 1,7,6, 4
7 1,7, 1
time =  0.06699013710021973
0 1,0, 6
2 1,2, 10
3 3, 1000000000
4 4, 1000000000
5 5, 1000000000
6 6, 1000000000
7 7, 1000000000
8 8, 1000000000
9 9, 1000000000
10 10, 1000000000
11 11, 1000000000
12 12, 1000000000
13 13, 1000000000
14 14, 1000000000
15 15, 1000000000
16 16, 1000000000
17 17, 1000000000
18 18, 1000000000
19 19, 1000000000
20 20, 1000000000
time =  5.120872497558594
0 1,0, 7
2 1,2, 10
3 1,2,3, 19
4 1,2,3,4, 29
5 1,2,3,4,5, 32
6 1,2,3,4,5,6, 33
7 1,2,3,4,5,6,7, 39
8 1,2,3,4,5,6,7,8, 43
9 1,2,3,4,5,6,7,8,9, 52
10 1,2,3,4,5,6,7,8,9,10, 61
11 1,2,3,4,5,6,7,8,9,10,11, 68
12 1,2,3,4,5,6,7,8,9,10,11,12, 70
13 1,2,3,4,5,6,7,8,9,10,11,12,13, 72
14 1,2,3,4,5,6,7,8,9,10,11,12,13,14, 74
15 1,2,3,4,5,6,7,8,9,10,11,12,13,14,15, 83
16 1,2,3,4,5,6,7,8,9,10,11,12,13,14,15,16, 92
17 1,2,3,4,5,6,7,8,9,10,11,12,13,14,15,16,17, 100
18 1,2,3,4,5,6,7,8,9,10,11,12,13,14,15,16,17,18, 106
19 1,2,3,4,5,6,7,8,9,10,11,12,13,14,15,16,17,18,19, 107
20 1,2,3,4,5,6,7,8,9,10,11,12,13,14,15,16,17,18,19,20, 117
time =  10.161506652832031
0 1,0, 7
2 1,2, 2
3 1,2,3, 5
4 1,2,3,4, 6
5 1,2,3,4,5, 14
6 1,2,3,4,5,6, 24
7 1,2,3,4,5,6,7, 30
8 1,2,3,4,5,6,7,8, 39
9 1,2,3,4,5,6,7,8,9, 40
10 1,2,3,4,5,6,7,8,9,10, 48
11 1,2,3,4,5,6,7,8,9,10,11, 55
12 1,2,3,4,5,6,7,8,9,10,11,12, 61
13 1,2,3,4,5,6,7,8,9,10,11,12,13, 63
14 1,2,3,4,5,6,7,8,9,10,11,12,13,14, 64
15 1,2,3,4,5,6,7,8,9,10,11,12,13,14,15, 67
16 1,2,3,4,5,6,7,8,9,10,11,12,13,14,15,16, 70
17 1,2,3,4,5,6,7,8,9,10,11,12,13,14,15,16,17, 78
18 1,2,3,4,5,6,7,8,9,10,11,12,13,14,15,16,17,18, 79
19 1,2,3,4,5,6,7,8,9,10,11,12,13,14,15,16,17,18,19, 84
20 1,2,3,4,5,6,7,8,9,10,11,12,13,14,15,16,17,18,19,20, 94
time =  15.180466413497925
0 1,0, 4
2 1,2, 8
3 1,2,3, 14
4 1,2,3,4, 19
5 1,2,3,4,5, 24
6 1,2,3,4,5,6, 32
7 1,2,3,4,5,6,7, 42
8 1,2,3,4,5,6,7,8, 51
9 1,2,3,4,5,6,7,8,9, 61
10 1,2,3,4,5,6,7,8,9,10, 67
11 1,2,3,4,5,6,7,8,9,10,11, 77
12 1,2,3,4,5,6,7,8,9,10,11,12, 83
13 1,2,3,4,5,6,7,8,9,10,11,12,13, 89
14 1,2,3,4,5,6,7,8,9,10,11,12,13,14, 90
15 1,2,3,4,5,6,7,8,9,10,11,12,13,14,15, 99
16 1,2,3,4,5,6,7,8,9,10,11,12,13,14,15,16, 104
17 1,2,3,4,5,6,7,8,9,10,11,12,13,14,15,16,17, 109
18 1,2,3,4,5,6,7,8,9,10,11,12,13,14,15,16,17,18, 117
19 1,2,3,4,5,6,7,8,9,10,11,12,13,14,15,16,17,18,19, 118
20 1,2,3,4,5,6,7,8,9,10,11,12,13,14,15,16,17,18,19,20, 120
time =  20.199257135391235
0 1,0, 3
2 1,2, 8
3 1,2,3, 17
4 1,2,3,4, 18
5 1,2,3,4,5, 28
6 1,2,3,4,5,6, 29
7 1,2,3,4,5,6,7, 30
8 1,2,3,4,5,6,7,8, 40
9 1,2,3,4,5,6,7,8,9, 41
10 1,2,3,4,5,6,7,8,9,10, 49
11 1,2,3,4,5,6,7,8,9,10,11, 53
12 1,2,3,4,5,6,7,8,9,10,11,12, 57
13 1,2,3,4,5,6,7,8,9,10,11,12,13, 67
14 1,2,3,4,5,6,7,8,9,10,11,12,13,14, 74
15 1,2,3,4,5,6,7,8,9,10,11,12,13,14,15, 77
16 1,2,3,4,5,6,7,8,9,10,11,12,13,14,15,16, 78
17 1,2,3,4,5,6,7,8,9,10,11,12,13,14,15,16,17, 81
18 1,2,3,4,5,6,7,8,9,10,11,12,13,14,15,16,17,18, 82
19 1,2,3,4,5,6,7,8,9,10,11,12,13,14,15,16,17,18,19, 87
20 1,2,3,4,5,6,7,8,9,10,11,12,13,14,15,16,17,18,19,20, 89
time =  25.226540088653564
0 1,0, 9
2 1,2, 9
3 1,2,3, 13
4 1,2,3,4, 23
5 1,2,3,4,5, 33
6 1,2,3,4,5,6, 36
7 1,2,3,4,5,6,7, 38
8 1,2,3,4,5,6,7,8, 42
9 1,2,3,4,5,6,7,8,9, 44
10 1,2,3,4,5,6,7,8,9,10, 47
11 1,2,3,4,5,6,7,8,9,10,11, 48
12 1,2,3,4,5,6,7,8,9,10,11,12, 53
13 1,2,3,4,5,6,7,8,9,10,11,12,13, 59
14 1,2,3,4,5,6,7,8,9,10,11,12,13,14, 60
15 1,2,3,4,5,6,7,8,9,10,11,12,13,14,15, 65
16 1,2,3,4,5,6,7,8,9,10,11,12,13,14,15,16, 72
17 1,2,3,4,5,6,7,8,9,10,11,12,13,14,15,16,17, 79
18 1,2,3,4,5,6,7,8,9,10,11,12,13,14,15,16,17,18, 82
19 1,2,3,4,5,6,7,8,9,10,11,12,13,14,15,16,17,18,19, 92
20 1,2,3,4,5,6,7,8,9,10,11,12,13,14,15,16,17,18,19,20, 95
time =  30.28206729888916
0 1,0, 9
2 1,2, 10
3 1,2,3, 14
4 1,2,3,4, 22
5 1,2,3,4,5, 32
6 1,2,3,4,5,6, 34
7 1,2,3,4,5,6,7, 40
8 1,2,3,4,5,6,7,8, 43
9 1,2,3,4,5,6,7,8,9, 53
10 1,2,3,4,5,6,7,8,9,10, 56
11 1,2,3,4,5,6,7,8,9,10,11, 66
12 1,2,3,4,5,6,7,8,9,10,11,12, 69
13 1,2,3,4,5,6,7,8,9,10,11,12,13, 77
14 1,2,3,4,5,6,7,8,9,10,11,12,13,14, 87
15 1,2,3,4,5,6,7,8,9,10,11,12,13,14,15, 94
16 1,2,3,4,5,6,7,8,9,10,11,12,13,14,15,16, 101
17 1,2,3,4,5,6,7,8,9,10,11,12,13,14,15,16,17, 109
18 1,2,3,4,5,6,7,8,9,10,11,12,13,14,15,16,17,18, 111
19 1,2,3,4,5,6,7,8,9,10,11,12,13,14,15,16,17,18,19, 119
20 1,2,3,4,5,6,7,8,9,10,11,12,13,14,15,16,17,18,19,20, 127
time =  35.31126594543457
0 1,0, 6
2 1,2, 9
3 1,2,3, 13
4 1,2,3,4, 17
5 1,2,3,4,5, 25
6 1,2,3,4,5,6, 34
7 1,2,3,4,5,6,7, 35
8 1,2,3,4,5,6,7,8, 44
9 1,2,3,4,5,6,7,8,9, 46
10 1,2,3,4,5,6,7,8,9,10, 49
11 1,2,3,4,5,6,7,8,9,10,11, 51
12 1,2,3,4,5,6,7,8,9,10,11,12, 60
13 1,2,3,4,5,6,7,8,9,10,11,12,13, 62
14 1,2,3,4,5,6,7,8,9,10,11,12,13,14, 70
15 1,2,3,4,5,6,7,8,9,10,11,12,13,14,15, 74
16 1,2,3,4,5,6,7,8,9,10,11,12,13,14,15,16, 76
17 1,2,3,4,5,6,7,8,9,10,11,12,13,14,15,16,17, 83
18 1,2,3,4,5,6,7,8,9,10,11,12,13,14,15,16,17,18, 89
19 1,2,3,4,5,6,7,8,9,10,11,12,13,14,15,16,17,18,19, 93
20 1,2,3,4,5,6,7,8,9,10,11,12,13,14,15,16,17,18,19,20, 96
