time =  0.07875943183898926
0 6,0, 3
1 1, 1000000000
2 2, 1000000000
3 3, 1000000000
4 4, 1000000000
5 5, 1000000000
7 7, 1000000000
time =  5.099177122116089
0 6,0, 1
1 6,0,1, 3
2 6,0,2, 8
3 6,5,3, 8
4 6,5,4, 3
5 6,5, 1
7 6,5,4,7, 5
time =  10.109708309173584
0 6,0, 8
1 6,7,1, 11
2 6,4,2, 8
3 6,4,2,3, 9
4 6,4, 3
5 6,5, 8
7 6,7, 8
time =  15.136749744415283
0 6,0, 6
1 6,0,1, 10
2 6,0,2, 7
3 6,5,3, 9
4 6,4, 7
5 6,5, 3
7 6,0,7, 7
time =  20.14725351333618
0 6,0, 5
1 6,7,1, 4
2 6,7,2, 4
3 6,7,1,3, 5
4 6,7,1,3,4, 6
5 6,7,5, 6
7 6,7, 2
time =  25.156275033950806
0 6,0, 5
1 6,7,1, 5
2 6,7,4,2, 9
3 6,5,3, 6
4 6,7,4, 6
5 6,5, 5
7 6,7, 3
time =  30.182379722595215
0 6,0, 2
1 6,0,2,1, 7
2 6,0,2, 5
3 6,4,3, 7
4 6,4, 3
5 6,5, 2
7 6,7, 8
time =  35.203176975250244
0 6,0, 3
1 6,7,1, 11
2 6,7,2, 9
3 6,7,3, 9
4 6,4, 7
5 6,7,5, 4
7 6,7, 3
time =  0.08684229850769043
0 0, 1000000000
1 1, 1000000000
2 2, 1000000000
3 3, 1000000000
4 4, 1000000000
5 5, 1000000000
7 7, 1000000000
8 8, 1000000000
9 9, 1000000000
10 10, 1000000000
11 11, 1000000000
12 12, 1000000000
13 13, 1000000000
14 14, 1000000000
15 15, 1000000000
16 16, 1000000000
17 17, 1000000000
18 18, 1000000000
19 19, 1000000000
20 20, 1000000000
time =  5.107155799865723
0 6,5,4,3,2,1,0, 40
1 6,5,4,3,2,1, 32
2 6,5,4,3,2, 23
3 6,5,4,3, 14
4 6,5,4, 4
5 6,5, 1
7 6,7, 1
8 6,7,8, 5
9 6,7,8,9, 14
10 6,7,8,9,10, 23
11 6,7,8,9,10,11, 30
12 6,7,8,9,10,11,12, 32
13 6,7,8,9,10,11,12,13, 34
14 6,7,8,9,10,11,12,13,14, 36
15 6,7,8,9,10,11,12,13,14,15, 45
16 6,7,8,9,10,11,12,13,14,15,16, 54
17 6,7,8,9,10,11,12,13,14,15,16,17, 62
18 6,7,8,9,10,11,12,13,14,15,16,17,18, 68
19 6,7,8,9,10,11,12,13,14,15,16,17,18,19, 69
20 6,7,8,9,10,11,12,13,14,15,16,17,18,19,20, 74
time =  10.133430004119873
0 6,5,4,3,2,1,0, 35
1 6,5,4,3,2,1, 28
2 6,5,4,3,2, 22
3 6,5,4,3, 19
4 6,5,4, 18
5 6,5, 10
7 6,7, 3
8 6,7,8, 12
9 6,7,8,9, 13
10 6,7,8,9,10, 21
11 6,7,8,9,10,11, 28
12 6,7,8,9,10,11,12, 34
13 6,7,8,9,10,11,12,13, 36
14 6,7,8,9,10,11,12,13,14, 37
15 6,7,8,9,10,11,12,13,14,15, 40
16 6,7,8,9,10,11,12,13,14,15,16, 43
17 6,7,8,9,10,11,12,13,14,15,16,17, 51
18 6,7,8,9,10,11,12,13,14,15,16,17,18, 52
19 6,7,8,9,10,11,12,13,14,15,16,17,18,19, 57
20 6,7,8,9,10,11,12,13,14,15,16,17,18,19,20, 67
time =  15.212200164794922
0 6,5,4,3,2,1,0, 33
1 6,5,4,3,2,1, 28
2 6,5,4,3,2, 24
3 6,5,4,3, 18
4 6,5,4, 13
5 6,5, 8
7 6,7, 10
8 6,7,8, 19
9 6,7,8,9, 29
10 6,7,8,9,10, 35
11 6,7,8,9,10,11, 45
12 6,7,8,9,10,11,12, 51
13 6,7,8,9,10,11,12,13, 57
14 6,7,8,9,10,11,12,13,14, 58
15 6,7,8,9,10,11,12,13,14,15, 67
16 6,7,8,9,10,11,12,13,14,15,16, 72
17 6,7,8,9,10,11,12,13,14,15,16,17, 77
18 6,7,8,9,10,11,12,13,14,15,16,17,18, 85
19 6,7,8,9,10,11,12,13,14,15,16,17,18,19, 86
20 6,7,8,9,10,11,12,13,14,15,16,17,18,19,20, 95
time =  20.243149757385254
0 6,5,4,3,2,1,0, 32
1 6,5,4,3,2,1, 30
2 6,5,4,3,2, 21
3 6,5,4,3, 12
4 6,5,4, 11
5 6,5, 1
7 6,7, 1
8 6,7,8, 11
9 6,7,8,9, 12
10 6,7,8,9,10, 20
11 6,7,8,9,10,11, 24
12 6,7,8,9,10,11,12, 28
13 6,7,8,9,10,11,12,13, 38
14 6,7,8,9,10,11,12,13,14, 45
15 6,7,8,9,10,11,12,13,14,15, 48
16 6,7,8,9,10,11,12,13,14,15,16, 49
17 6,7,8,9,10,11,12,13,14,15,16,17, 52
18 6,7,8,9,10,11,12,13,14,15,16,17,18, 53
19 6,7,8,9,10,11,12,13,14,15,16,17,18,19, 58
20 6,7,8,9,10,11,12,13,14,15,16,17,18,19,20, 60
time =  25.264310121536255
0 6,5,4,3,2,1,0, 44
1 6,5,4,3,2,1, 35
2 6,5,4,3,2, 25
3 6,5,4,3, 21
4 6,5,4, 11
5 6,5, 1
7 6,7, 2
8 6,7,8, 6
9 6,7,8,9, 8
10 6,7,8,9,10, 11
11 6,7,8,9,10,11, 12
12 6,7,8,9,10,11,12, 17
13 6,7,8,9,10,11,12,13, 23
14 6,7,8,9,10,11,12,13,14, 32
15 6,7,8,9,10,11,12,13,14,15, 37
16 6,7,8,9,10,11,12,13,14,15,16, 44
17 6,7,8,9,10,11,12,13,14,15,16,17, 51
18 6,7,8,9,10,11,12,13,14,15,16,17,18, 54
19 6,7,8,9,10,11,12,13,14,15,16,17,18,19, 64
20 6,7,8,9,10,11,12,13,14,15,16,17,18,19,20, 67
time =  30.31245994567871
0 6,5,4,3,2,1,0, 27
1 6,5,4,3,2,1, 25
2 6,5,4,3,2, 24
3 6,5,4,3, 20
4 6,5,4, 12
5 6,5, 2
7 6,7, 6
8 6,7,8, 9
9 6,7,8,9, 19
10 6,7,8,9,10, 22
11 6,7,8,9,10,11, 32
12 6,7,8,9,10,11,12, 35
13 6,7,8,9,10,11,12,13, 43
14 6,7,8,9,10,11,12,13,14, 53
15 6,7,8,9,10,11,12,13,14,15, 60
16 6,7,8,9,10,11,12,13,14,15,16, 67
17 6,7,8,9,10,11,12,13,14,15,16,17, 75
18 6,7,8,9,10,11,12,13,14,15,16,17,18, 77
19 6,7,8,9,10,11,12,13,14,15,16,17,18,19, 85
20 6,7,8,9,10,11,12,13,14,15,16,17,18,19,20, 93
time =  35.3271279335022
0 6,5,4,3,2,1,0, 35
1 6,5,4,3,2,1, 25
2 6,5,4,3,2, 18
3 6,5,4,3, 14
4 6,5,4, 10
5 6,5, 2
7 6,7, 2
8 6,7,8, 11
9 6,7,8,9, 13
10 6,7,8,9,10, 16
11 6,7,8,9,10,11, 18
12 6,7,8,9,10,11,12, 27
13 6,7,8,9,10,11,12,13, 29
14 6,7,8,9,10,11,12,13,14, 35
15 6,7,8,9,10,11,12,13,14,15, 42
16 6,7,8,9,10,11,12,13,14,15,16, 44
17 6,7,8,9,10,11,12,13,14,15,16,17, 47
18 6,7,8,9,10,11,12,13,14,15,16,17,18, 53
19 6,7,8,9,10,11,12,13,14,15,16,17,18,19, 56
20 6,7,8,9,10,11,12,13,14,15,16,17,18,19,20, 59
