time =  0.017776012420654297
1 1, 1000000000
2 2, 1000000000
3 3, 1000000000
4 4, 1000000000
5 5, 1000000000
6 6, 1000000000
7 7, 1000000000
time =  5.025452375411987
1 0,1, 9
2 0,2, 3
3 0,2,3, 7
4 0,7,4, 7
5 0,6,5, 6
6 0,6, 1
7 0,7, 5
time =  10.05235481262207
1 0,1, 8
2 0,2, 2
3 0,2,3, 5
4 0,2,4, 9
5 0,5, 7
6 0,6, 8
7 0,7, 5
time =  15.065237760543823
1 0,1, 8
2 0,2, 6
3 0,5,3, 9
4 0,2,4, 12
5 0,5, 3
6 0,6, 6
7 0,7, 8
time =  20.0902841091156
1 0,7,1, 6
2 0,2, 5
3 0,7,3, 7
4 0,7,3,4, 12
5 0,5, 9
6 0,6, 5
7 0,7, 5
time =  25.1062490940094
1 0,1, 6
2 0,2, 9
3 0,1,3, 11
4 0,6,7,4, 9
5 0,5, 10
6 0,6, 5
7 0,6,7, 6
time =  30.12685513496399
1 0,1, 9
2 0,2, 3
3 0,6,5,3, 11
4 0,6,4, 5
5 0,6,5, 4
6 0,6, 2
7 0,7, 9
time =  35.137237548828125
1 0,2,1, 4
2 0,2, 1
3 0,2,1,3, 7
4 0,2,4, 5
5 0,5, 2
6 0,6, 3
7 0,5,7, 3
time =  0.07781624794006348
1 0,1, 6
2 0,1,2, 16
3 0,1,2,3, 26
4 4, 1000000000
5 5, 1000000000
6 6, 1000000000
7 7, 1000000000
8 8, 1000000000
9 9, 1000000000
10 10, 1000000000
11 11, 1000000000
12 12, 1000000000
13 13, 1000000000
14 14, 1000000000
15 15, 1000000000
16 16, 1000000000
17 17, 1000000000
18 18, 1000000000
19 19, 1000000000
20 20, 1000000000
time =  5.143102645874023
1 0,1, 7
2 0,1,2, 16
3 0,1,2,3, 25
4 0,1,2,3,4, 35
5 0,1,2,3,4,5, 38
6 0,1,2,3,4,5,6, 39
7 0,1,2,3,4,5,6,7, 45
8 0,1,2,3,4,5,6,7,8, 49
9 0,1,2,3,4,5,6,7,8,9, 58
10 0,1,2,3,4,5,6,7,8,9,10, 67
11 0,1,2,3,4,5,6,7,8,9,10,11, 74
12 0,1,2,3,4,5,6,7,8,9,10,11,12, 76
13 0,1,2,3,4,5,6,7,8,9,10,11,12,13, 78
14 0,1,2,3,4,5,6,7,8,9,10,11,12,13,14, 80
15 0,1,2,3,4,5,6,7,8,9,10,11,12,13,14,15, 89
16 0,1,2,3,4,5,6,7,8,9,10,11,12,13,14,15,16, 98
17 0,1,2,3,4,5,6,7,8,9,10,11,12,13,14,15,16,17, 106
18 0,1,2,3,4,5,6,7,8,9,10,11,12,13,14,15,16,17,18, 112
19 0,1,2,3,4,5,6,7,8,9,10,11,12,13,14,15,16,17,18,19, 113
20 0,1,2,3,4,5,6,7,8,9,10,11,12,13,14,15,16,17,18,19,20, 123
time =  10.177963495254517
1 0,1, 6
2 0,1,2, 8
3 0,1,2,3, 11
4 0,1,2,3,4, 12
5 0,1,2,3,4,5, 20
6 0,1,2,3,4,5,6, 30
7 0,1,2,3,4,5,6,7, 36
8 0,1,2,3,4,5,6,7,8, 45
9 0,1,2,3,4,5,6,7,8,9, 46
10 0,1,2,3,4,5,6,7,8,9,10, 54
11 0,1,2,3,4,5,6,7,8,9,10,11, 61
12 0,1,2,3,4,5,6,7,8,9,10,11,12, 67
13 0,1,2,3,4,5,6,7,8,9,10,11,12,13, 69
14 0,1,2,3,4,5,6,7,8,9,10,11,12,13,14, 70
15 0,1,2,3,4,5,6,7,8,9,10,11,12,13,14,15, 73
16 0,1,2,3,4,5,6,7,8,9,10,11,12,13,14,15,16, 76
17 0,1,2,3,4,5,6,7,8,9,10,11,12,13,14,15,16,17, 84
18 0,1,2,3,4,5,6,7,8,9,10,11,12,13,14,15,16,17,18, 85
19 0,1,2,3,4,5,6,7,8,9,10,11,12,13,14,15,16,17,18,19, 90
20 0,1,2,3,4,5,6,7,8,9,10,11,12,13,14,15,16,17,18,19,20, 100
time =  15.220502614974976
1 0,1, 4
2 0,1,2, 8
3 0,1,2,3, 14
4 0,1,2,3,4, 19
5 0,1,2,3,4,5, 24
6 0,1,2,3,4,5,6, 32
7 0,1,2,3,4,5,6,7, 42
8 0,1,2,3,4,5,6,7,8, 51
9 0,1,2,3,4,5,6,7,8,9, 61
10 0,1,2,3,4,5,6,7,8,9,10, 67
11 0,1,2,3,4,5,6,7,8,9,10,11, 77
12 0,1,2,3,4,5,6,7,8,9,10,11,12, 83
13 0,1,2,3,4,5,6,7,8,9,10,11,12,13, 89
14 0,1,2,3,4,5,6,7,8,9,10,11,12,13,14, 90
15 0,1,2,3,4,5,6,7,8,9,10,11,12,13,14,15, 99
16 0,1,2,3,4,5,6,7,8,9,10,11,12,13,14,15,16, 104
17 0,1,2,3,4,5,6,7,8,9,10,11,12,13,14,15,16,17, 109
18 0,1,2,3,4,5,6,7,8,9,10,11,12,13,14,15,16,17,18, 117
19 0,1,2,3,4,5,6,7,8,9,10,11,12,13,14,15,16,17,18,19, 118
20 0,1,2,3,4,5,6,7,8,9,10,11,12,13,14,15,16,17,18,19,20, 120
time =  20.236486434936523
1 0,1, 3
2 0,1,2, 12
3 0,1,2,3, 21
4 0,1,2,3,4, 22
5 0,1,2,3,4,5, 32
6 0,1,2,3,4,5,6, 33
7 0,1,2,3,4,5,6,7, 34
8 0,1,2,3,4,5,6,7,8, 44
9 0,1,2,3,4,5,6,7,8,9, 45
10 0,1,2,3,4,5,6,7,8,9,10, 53
11 0,1,2,3,4,5,6,7,8,9,10,11, 57
12 0,1,2,3,4,5,6,7,8,9,10,11,12, 61
13 0,1,2,3,4,5,6,7,8,9,10,11,12,13, 71
14 0,1,2,3,4,5,6,7,8,9,10,11,12,13,14, 78
15 0,1,2,3,4,5,6,7,8,9,10,11,12,13,14,15, 81
16 0,1,2,3,4,5,6,7,8,9,10,11,12,13,14,15,16, 82
17 0,1,2,3,4,5,6,7,8,9,10,11,12,13,14,15,16,17, 85
18 0,1,2,3,4,5,6,7,8,9,10,11,12,13,14,15,16,17,18, 86
19 0,1,2,3,4,5,6,7,8,9,10,11,12,13,14,15,16,17,18,19, 91
20 0,1,2,3,4,5,6,7,8,9,10,11,12,13,14,15,16,17,18,19,20, 93
time =  25.26402521133423
1 0,1, 10
2 0,1,2, 20
3 0,1,2,3, 24
4 0,1,2,3,4, 34
5 0,1,2,3,4,5, 44
6 0,1,2,3,4,5,6, 47
7 0,1,2,3,4,5,6,7, 49
8 0,1,2,3,4,5,6,7,8, 53
9 0,1,2,3,4,5,6,7,8,9, 55
10 0,1,2,3,4,5,6,7,8,9,10, 58
11 0,1,2,3,4,5,6,7,8,9,10,11, 59
12 0,1,2,3,4,5,6,7,8,9,10,11,12, 64
13 0,1,2,3,4,5,6,7,8,9,10,11,12,13, 70
14 0,1,2,3,4,5,6,7,8,9,10,11,12,13,14, 71
15 0,1,2,3,4,5,6,7,8,9,10,11,12,13,14,15, 76
16 0,1,2,3,4,5,6,7,8,9,10,11,12,13,14,15,16, 83
17 0,1,2,3,4,5,6,7,8,9,10,11,12,13,14,15,16,17, 90
18 0,1,2,3,4,5,6,7,8,9,10,11,12,13,14,15,16,17,18, 93
19 0,1,2,3,4,5,6,7,8,9,10,11,12,13,14,15,16,17,18,19, 103
20 0,1,2,3,4,5,6,7,8,9,10,11,12,13,14,15,16,17,18,19,20, 106
time =  30.31108021736145
1 0,1, 9
2 0,1,2, 10
3 0,1,2,3, 14
4 0,1,2,3,4, 22
5 0,1,2,3,4,5, 32
6 0,1,2,3,4,5,6, 34
7 0,1,2,3,4,5,6,7, 40
8 0,1,2,3,4,5,6,7,8, 43
9 0,1,2,3,4,5,6,7,8,9, 53
10 0,1,2,3,4,5,6,7,8,9,10, 56
11 0,1,2,3,4,5,6,7,8,9,10,11, 66
12 0,1,2,3,4,5,6,7,8,9,10,11,12, 69
13 0,1,2,3,4,5,6,7,8,9,10,11,12,13, 77
14 0,1,2,3,4,5,6,7,8,9,10,11,12,13,14, 87
15 0,1,2,3,4,5,6,7,8,9,10,11,12,13,14,15, 94
16 0,1,2,3,4,5,6,7,8,9,10,11,12,13,14,15,16, 101
17 0,1,2,3,4,5,6,7,8,9,10,11,12,13,14,15,16,17, 109
18 0,1,2,3,4,5,6,7,8,9,10,11,12,13,14,15,16,17,18, 111
19 0,1,2,3,4,5,6,7,8,9,10,11,12,13,14,15,16,17,18,19, 119
20 0,1,2,3,4,5,6,7,8,9,10,11,12,13,14,15,16,17,18,19,20, 127
time =  35.328487396240234
1 0,1, 6
2 0,1,2, 13
3 0,1,2,3, 17
4 0,1,2,3,4, 21
5 0,1,2,3,4,5, 29
6 0,1,2,3,4,5,6, 38
7 0,1,2,3,4,5,6,7, 39
8 0,1,2,3,4,5,6,7,8, 48
9 0,1,2,3,4,5,6,7,8,9, 50
10 0,1,2,3,4,5,6,7,8,9,10, 53
11 0,1,2,3,4,5,6,7,8,9,10,11, 55
12 0,1,2,3,4,5,6,7,8,9,10,11,12, 64
13 0,1,2,3,4,5,6,7,8,9,10,11,12,13, 66
14 0,1,2,3,4,5,6,7,8,9,10,11,12,13,14, 74
15 0,1,2,3,4,5,6,7,8,9,10,11,12,13,14,15, 78
16 0,1,2,3,4,5,6,7,8,9,10,11,12,13,14,15,16, 80
17 0,1,2,3,4,5,6,7,8,9,10,11,12,13,14,15,16,17, 87
18 0,1,2,3,4,5,6,7,8,9,10,11,12,13,14,15,16,17,18, 93
19 0,1,2,3,4,5,6,7,8,9,10,11,12,13,14,15,16,17,18,19, 97
20 0,1,2,3,4,5,6,7,8,9,10,11,12,13,14,15,16,17,18,19,20, 100
