time =  0.17042088508605957
0 0, 1000000000
1 1, 1000000000
2 2, 1000000000
3 3, 1000000000
4 4, 1000000000
5 5, 1000000000
6 6, 1000000000
7 7, 1000000000
8 9,8, 3
10 9,10, 5
11 11, 1000000000
12 12, 1000000000
13 13, 1000000000
14 14, 1000000000
15 15, 1000000000
16 16, 1000000000
17 17, 1000000000
18 18, 1000000000
19 19, 1000000000
20 20, 1000000000
time =  5.257410287857056
0 9,8,7,6,5,4,3,2,1,0, 59
1 9,8,7,6,5,4,3,2,1, 51
2 9,8,7,6,5,4,3,2, 42
3 9,8,7,6,5,4,3, 33
4 9,8,7,6,5,4, 23
5 9,8,7,6,5, 20
6 9,8,7,6, 19
7 9,8,7, 13
8 9,8, 9
10 9,10, 9
11 9,10,11, 16
12 9,10,11,12, 18
13 9,10,11,12,13, 20
14 9,10,11,12,13,14, 22
15 9,10,11,12,13,14,15, 31
16 9,10,11,12,13,14,15,16, 40
17 9,10,11,12,13,14,15,16,17, 48
18 9,10,11,12,13,14,15,16,17,18, 54
19 9,10,11,12,13,14,15,16,17,18,19, 55
20 9,10,11,12,13,14,15,16,17,18,19,20, 60
time =  10.273425817489624
0 9,8,7,6,5,4,3,2,1,0, 55
1 9,8,7,6,5,4,3,2,1, 46
2 9,8,7,6,5,4,3,2, 44
3 9,8,7,6,5,4,3, 41
4 9,8,7,6,5,4, 31
5 9,8,7,6,5, 22
6 9,8,7,6, 12
7 9,8,7, 9
8 9,8, 4
10 9,10, 6
11 9,10,11, 13
12 9,10,11,12, 18
13 9,10,11,12,13, 23
14 9,10,11,12,13,14, 24
15 9,10,11,12,13,14,15, 27
16 9,10,11,12,13,14,15,16, 30
17 9,10,11,12,13,14,15,16,17, 38
18 9,10,11,12,13,14,15,16,17,18, 39
19 9,10,11,12,13,14,15,16,17,18,19, 44
20 9,10,11,12,13,14,15,16,17,18,19,20, 54
time =  15.310853481292725
0 9,8,7,6,5,4,3,2,1,0, 62
1 9,8,7,6,5,4,3,2,1, 57
2 9,8,7,6,5,4,3,2, 53
3 9,8,7,6,5,4,3, 47
4 9,8,7,6,5,4, 42
5 9,8,7,6,5, 37
6 9,8,7,6, 29
7 9,8,7, 19
8 9,8, 10
10 9,10, 6
11 9,10,11, 16
12 9,10,11,12, 22
13 9,10,11,12,13, 28
14 9,10,11,12,13,14, 29
15 9,10,11,12,13,14,15, 38
16 9,10,11,12,13,14,15,16, 43
17 9,10,11,12,13,14,15,16,17, 48
18 9,10,11,12,13,14,15,16,17,18, 56
19 9,10,11,12,13,14,15,16,17,18,19, 57
20 9,10,11,12,13,14,15,16,17,18,19,20, 66
time =  20.356741428375244
0 9,8,7,6,5,4,3,2,1,0, 39
1 9,8,7,6,5,4,3,2,1, 36
2 9,8,7,6,5,4,3,2, 28
3 9,8,7,6,5,4,3, 25
4 9,8,7,6,5,4, 19
5 9,8,7,6,5, 12
6 9,8,7,6, 8
7 9,8,7, 7
8 9,8, 1
10 9,10, 8
11 9,10,11, 13
12 9,10,11,12, 18
13 9,10,11,12,13, 26
14 9,10,11,12,13,14, 33
15 9,10,11,12,13,14,15, 36
16 9,10,11,12,13,14,15,16, 37
17 9,10,11,12,13,14,15,16,17, 40
18 9,10,11,12,13,14,15,16,17,18, 41
19 9,10,11,12,13,14,15,16,17,18,19, 46
20 9,10,11,12,13,14,15,16,17,18,19,20, 48
time =  25.386879682540894
0 9,8,7,6,5,4,3,2,1,0, 61
1 9,8,7,6,5,4,3,2,1, 52
2 9,8,7,6,5,4,3,2, 42
3 9,8,7,6,5,4,3, 38
4 9,8,7,6,5,4, 28
5 9,8,7,6,5, 18
6 9,8,7,6, 15
7 9,8,7, 13
8 9,8, 9
10 9,10, 3
11 9,10,11, 4
12 9,10,11,12, 9
13 9,10,11,12,13, 15
14 9,10,11,12,13,14, 24
15 9,10,11,12,13,14,15, 29
16 9,10,11,12,13,14,15,16, 36
17 9,10,11,12,13,14,15,16,17, 43
18 9,10,11,12,13,14,15,16,17,18, 46
19 9,10,11,12,13,14,15,16,17,18,19, 56
20 9,10,11,12,13,14,15,16,17,18,19,20, 64
time =  30.398470640182495
0 9,8,7,6,5,4,3,2,1,0, 61
1 9,8,7,6,5,4,3,2,1, 52
2 9,8,7,6,5,4,3,2, 42
3 9,8,7,6,5,4,3, 38
4 9,8,7,6,5,4, 34
5 9,8,7,6,5, 27
6 9,8,7,6, 22
7 9,8,7, 12
8 9,8, 10
10 9,10, 5
11 9,10,11, 13
12 9,10,11,12, 21
13 9,10,11,12,13, 26
14 9,10,11,12,13,14, 36
15 9,10,11,12,13,14,15, 43
16 9,10,11,12,13,14,15,16, 50
17 9,10,11,12,13,14,15,16,17, 58
18 9,10,11,12,13,14,15,16,17,18, 60
19 9,10,11,12,13,14,15,16,17,18,19, 68
20 9,10,11,12,13,14,15,16,17,18,19,20, 76
time =  35.43343734741211
0 9,8,7,6,5,4,3,2,1,0, 56
1 9,8,7,6,5,4,3,2,1, 46
2 9,8,7,6,5,4,3,2, 39
3 9,8,7,6,5,4,3, 35
4 9,8,7,6,5,4, 31
5 9,8,7,6,5, 23
6 9,8,7,6, 14
7 9,8,7, 13
8 9,8, 4
10 9,10, 3
11 9,10,11, 5
12 9,10,11,12, 14
13 9,10,11,12,13, 16
14 9,10,11,12,13,14, 22
15 9,10,11,12,13,14,15, 29
16 9,10,11,12,13,14,15,16, 31
17 9,10,11,12,13,14,15,16,17, 34
18 9,10,11,12,13,14,15,16,17,18, 40
19 9,10,11,12,13,14,15,16,17,18,19, 43
20 9,10,11,12,13,14,15,16,17,18,19,20, 44
