time =  0.038393259048461914
0 0, 1000000000
1 1, 1000000000
2 2, 1000000000
4 4, 1000000000
5 5, 1000000000
6 6, 1000000000
7 7, 1000000000
time =  5.064650297164917
0 3,5,0, 5
1 3,1, 6
2 3,2, 4
4 3,5,4, 6
5 3,5, 4
6 3,5,0,6, 6
7 3,7, 6
time =  10.088690042495728
0 3,2,0, 3
1 3,1, 5
2 3,2, 1
4 3,2,4, 6
5 3,5, 3
6 3,5,6, 6
7 3,2,7, 5
time =  15.124666452407837
0 3,2,0, 4
1 3,1, 4
2 3,2, 3
4 3,2,4, 9
5 3,5, 8
6 3,2,0,6, 10
7 3,7, 5
time =  20.152848958969116
0 3,1,7,0, 8
1 3,1, 1
2 3,1,2, 4
4 3,4, 1
5 3,5, 1
6 3,5,6, 5
7 3,1,7, 3
time =  25.16720700263977
0 3,4,7,0, 9
1 3,1, 5
2 3,4,2, 7
4 3,4, 4
5 3,5, 8
6 3,4,7,6, 8
7 3,4,7, 7
time =  30.1847505569458
0 3,1,2,0, 9
1 3,1, 4
2 3,1,2, 6
4 3,4, 4
5 3,4,5, 5
6 3,4,6, 7
7 3,7, 10
time =  35.193695306777954
0 3,7,0, 6
1 3,1, 3
2 3,1,2, 6
4 3,4, 10
5 3,7,5, 4
6 3,7,6, 6
7 3,7, 3
time =  0.06963968276977539
0 3,2,1,0, 26
1 3,2,1, 20
2 3,2, 10
4 4, 1000000000
5 5, 1000000000
6 6, 1000000000
7 7, 1000000000
8 8, 1000000000
9 9, 1000000000
10 10, 1000000000
11 11, 1000000000
12 12, 1000000000
13 13, 1000000000
14 14, 1000000000
15 15, 1000000000
16 16, 1000000000
17 17, 1000000000
18 18, 1000000000
19 19, 1000000000
20 20, 1000000000
time =  5.116002082824707
0 3,2,1,0, 26
1 3,2,1, 18
2 3,2, 9
4 3,4, 5
5 3,4,5, 8
6 3,4,5,6, 9
7 3,4,5,6,7, 15
8 3,4,5,6,7,8, 19
9 3,4,5,6,7,8,9, 28
10 3,4,5,6,7,8,9,10, 37
11 3,4,5,6,7,8,9,10,11, 44
12 3,4,5,6,7,8,9,10,11,12, 46
13 3,4,5,6,7,8,9,10,11,12,13, 48
14 3,4,5,6,7,8,9,10,11,12,13,14, 50
15 3,4,5,6,7,8,9,10,11,12,13,14,15, 59
16 3,4,5,6,7,8,9,10,11,12,13,14,15,16, 68
17 3,4,5,6,7,8,9,10,11,12,13,14,15,16,17, 76
18 3,4,5,6,7,8,9,10,11,12,13,14,15,16,17,18, 82
19 3,4,5,6,7,8,9,10,11,12,13,14,15,16,17,18,19, 83
20 3,4,5,6,7,8,9,10,11,12,13,14,15,16,17,18,19,20, 93
time =  10.164164304733276
0 3,2,1,0, 16
1 3,2,1, 9
2 3,2, 3
4 3,4, 10
5 3,4,5, 18
6 3,4,5,6, 28
7 3,4,5,6,7, 34
8 3,4,5,6,7,8, 43
9 3,4,5,6,7,8,9, 44
10 3,4,5,6,7,8,9,10, 52
11 3,4,5,6,7,8,9,10,11, 59
12 3,4,5,6,7,8,9,10,11,12, 65
13 3,4,5,6,7,8,9,10,11,12,13, 67
14 3,4,5,6,7,8,9,10,11,12,13,14, 68
15 3,4,5,6,7,8,9,10,11,12,13,14,15, 71
16 3,4,5,6,7,8,9,10,11,12,13,14,15,16, 74
17 3,4,5,6,7,8,9,10,11,12,13,14,15,16,17, 82
18 3,4,5,6,7,8,9,10,11,12,13,14,15,16,17,18, 83
19 3,4,5,6,7,8,9,10,11,12,13,14,15,16,17,18,19, 88
20 3,4,5,6,7,8,9,10,11,12,13,14,15,16,17,18,19,20, 98
time =  15.209673881530762
0 3,2,1,0, 15
1 3,2,1, 10
2 3,2, 6
4 3,4, 5
5 3,4,5, 10
6 3,4,5,6, 18
7 3,4,5,6,7, 28
8 3,4,5,6,7,8, 37
9 3,4,5,6,7,8,9, 47
10 3,4,5,6,7,8,9,10, 53
11 3,4,5,6,7,8,9,10,11, 63
12 3,4,5,6,7,8,9,10,11,12, 69
13 3,4,5,6,7,8,9,10,11,12,13, 75
14 3,4,5,6,7,8,9,10,11,12,13,14, 76
15 3,4,5,6,7,8,9,10,11,12,13,14,15, 85
16 3,4,5,6,7,8,9,10,11,12,13,14,15,16, 90
17 3,4,5,6,7,8,9,10,11,12,13,14,15,16,17, 95
18 3,4,5,6,7,8,9,10,11,12,13,14,15,16,17,18, 103
19 3,4,5,6,7,8,9,10,11,12,13,14,15,16,17,18,19, 104
20 3,4,5,6,7,8,9,10,11,12,13,14,15,16,17,18,19,20, 106
time =  20.23903489112854
0 3,2,1,0, 14
1 3,2,1, 12
2 3,2, 3
4 3,4, 6
5 3,4,5, 16
6 3,4,5,6, 17
7 3,4,5,6,7, 18
8 3,4,5,6,7,8, 28
9 3,4,5,6,7,8,9, 29
10 3,4,5,6,7,8,9,10, 37
11 3,4,5,6,7,8,9,10,11, 41
12 3,4,5,6,7,8,9,10,11,12, 45
13 3,4,5,6,7,8,9,10,11,12,13, 55
14 3,4,5,6,7,8,9,10,11,12,13,14, 62
15 3,4,5,6,7,8,9,10,11,12,13,14,15, 65
16 3,4,5,6,7,8,9,10,11,12,13,14,15,16, 66
17 3,4,5,6,7,8,9,10,11,12,13,14,15,16,17, 69
18 3,4,5,6,7,8,9,10,11,12,13,14,15,16,17,18, 70
19 3,4,5,6,7,8,9,10,11,12,13,14,15,16,17,18,19, 75
20 3,4,5,6,7,8,9,10,11,12,13,14,15,16,17,18,19,20, 77
time =  25.267030477523804
0 3,2,1,0, 29
1 3,2,1, 20
2 3,2, 10
4 3,4, 7
5 3,4,5, 17
6 3,4,5,6, 20
7 3,4,5,6,7, 22
8 3,4,5,6,7,8, 26
9 3,4,5,6,7,8,9, 28
10 3,4,5,6,7,8,9,10, 31
11 3,4,5,6,7,8,9,10,11, 32
12 3,4,5,6,7,8,9,10,11,12, 37
13 3,4,5,6,7,8,9,10,11,12,13, 43
14 3,4,5,6,7,8,9,10,11,12,13,14, 44
15 3,4,5,6,7,8,9,10,11,12,13,14,15, 49
16 3,4,5,6,7,8,9,10,11,12,13,14,15,16, 56
17 3,4,5,6,7,8,9,10,11,12,13,14,15,16,17, 63
18 3,4,5,6,7,8,9,10,11,12,13,14,15,16,17,18, 66
19 3,4,5,6,7,8,9,10,11,12,13,14,15,16,17,18,19, 76
20 3,4,5,6,7,8,9,10,11,12,13,14,15,16,17,18,19,20, 79
time =  30.323011875152588
0 3,2,1,0, 7
1 3,2,1, 5
2 3,2, 4
4 3,4, 4
5 3,4,5, 14
6 3,4,5,6, 16
7 3,4,5,6,7, 22
8 3,4,5,6,7,8, 25
9 3,4,5,6,7,8,9, 35
10 3,4,5,6,7,8,9,10, 38
11 3,4,5,6,7,8,9,10,11, 48
12 3,4,5,6,7,8,9,10,11,12, 51
13 3,4,5,6,7,8,9,10,11,12,13, 59
14 3,4,5,6,7,8,9,10,11,12,13,14, 69
15 3,4,5,6,7,8,9,10,11,12,13,14,15, 76
16 3,4,5,6,7,8,9,10,11,12,13,14,15,16, 83
17 3,4,5,6,7,8,9,10,11,12,13,14,15,16,17, 91
18 3,4,5,6,7,8,9,10,11,12,13,14,15,16,17,18, 93
19 3,4,5,6,7,8,9,10,11,12,13,14,15,16,17,18,19, 101
20 3,4,5,6,7,8,9,10,11,12,13,14,15,16,17,18,19,20, 109
time =  35.3478422164917
0 3,2,1,0, 22
1 3,2,1, 12
2 3,2, 5
4 3,4, 4
5 3,4,5, 12
6 3,4,5,6, 21
7 3,4,5,6,7, 22
8 3,4,5,6,7,8, 31
9 3,4,5,6,7,8,9, 33
10 3,4,5,6,7,8,9,10, 36
11 3,4,5,6,7,8,9,10,11, 38
12 3,4,5,6,7,8,9,10,11,12, 47
13 3,4,5,6,7,8,9,10,11,12,13, 49
14 3,4,5,6,7,8,9,10,11,12,13,14, 57
15 3,4,5,6,7,8,9,10,11,12,13,14,15, 64
16 3,4,5,6,7,8,9,10,11,12,13,14,15,16, 66
17 3,4,5,6,7,8,9,10,11,12,13,14,15,16,17, 69
18 3,4,5,6,7,8,9,10,11,12,13,14,15,16,17,18, 75
19 3,4,5,6,7,8,9,10,11,12,13,14,15,16,17,18,19, 78
20 3,4,5,6,7,8,9,10,11,12,13,14,15,16,17,18,19,20, 81
