time =  0.06321120262145996
0 0, 1000000000
1 1, 1000000000
2 2, 1000000000
3 3, 1000000000
4 4, 1000000000
5 5, 1000000000
6 6, 1000000000
time =  5.099262237548828
0 7,4,5,0, 5
1 7,1, 6
2 7,2, 8
3 7,3, 6
4 7,4, 2
5 7,4,5, 4
6 7,4,5,0,6, 6
time =  10.111285209655762
0 7,2,0, 6
1 7,1, 7
2 7,2, 4
3 7,3, 3
4 7,4, 8
5 7,3,5, 6
6 7,6, 6
time =  15.137580394744873
0 7,0, 1
1 7,1, 5
2 7,0,2, 2
3 7,3, 5
4 7,4, 7
5 7,5, 9
6 7,0,6, 7
time =  20.14830207824707
0 7,0, 5
1 7,2,1, 5
2 7,2, 2
3 7,3, 5
4 7,3,4, 6
5 7,6,5, 5
6 7,6, 1
time =  25.167340993881226
0 7,0, 2
1 7,1, 2
2 7,4,2, 6
3 7,1,3, 7
4 7,4, 3
5 7,4,5, 7
6 7,6, 3
time =  30.196370363235474
0 7,6,0, 4
1 7,3,1, 6
2 7,6,0,2, 7
3 7,3, 2
4 7,6,4, 5
5 7,6,5, 4
6 7,6, 2
time =  35.20430016517639
0 7,0, 3
1 7,1, 1
2 7,1,2, 4
3 7,3, 3
4 7,1,2,4, 8
5 7,5, 5
6 7,6, 3
time =  0.07525014877319336
0 0, 1000000000
1 1, 1000000000
2 2, 1000000000
3 3, 1000000000
4 4, 1000000000
5 5, 1000000000
6 6, 1000000000
8 8, 1000000000
9 9, 1000000000
10 10, 1000000000
11 11, 1000000000
12 12, 1000000000
13 13, 1000000000
14 14, 1000000000
15 15, 1000000000
16 16, 1000000000
17 17, 1000000000
18 18, 1000000000
19 19, 1000000000
20 20, 1000000000
time =  5.133440732955933
0 7,6,5,4,3,2,1,0, 46
1 7,6,5,4,3,2,1, 38
2 7,6,5,4,3,2, 29
3 7,6,5,4,3, 20
4 7,6,5,4, 10
5 7,6,5, 7
6 7,6, 6
8 7,8, 2
9 7,8,9, 11
10 7,8,9,10, 20
11 7,8,9,10,11, 27
12 7,8,9,10,11,12, 29
13 7,8,9,10,11,12,13, 31
14 7,8,9,10,11,12,13,14, 33
15 7,8,9,10,11,12,13,14,15, 42
16 7,8,9,10,11,12,13,14,15,16, 51
17 7,8,9,10,11,12,13,14,15,16,17, 59
18 7,8,9,10,11,12,13,14,15,16,17,18, 65
19 7,8,9,10,11,12,13,14,15,16,17,18,19, 66
20 7,8,9,10,11,12,13,14,15,16,17,18,19,20, 71
time =  10.188146829605103
0 7,6,5,4,3,2,1,0, 46
1 7,6,5,4,3,2,1, 37
2 7,6,5,4,3,2, 35
3 7,6,5,4,3, 32
4 7,6,5,4, 22
5 7,6,5, 13
6 7,6, 3
8 7,8, 2
9 7,8,9, 3
10 7,8,9,10, 11
11 7,8,9,10,11, 18
12 7,8,9,10,11,12, 24
13 7,8,9,10,11,12,13, 26
14 7,8,9,10,11,12,13,14, 27
15 7,8,9,10,11,12,13,14,15, 30
16 7,8,9,10,11,12,13,14,15,16, 33
17 7,8,9,10,11,12,13,14,15,16,17, 41
18 7,8,9,10,11,12,13,14,15,16,17,18, 42
19 7,8,9,10,11,12,13,14,15,16,17,18,19, 47
20 7,8,9,10,11,12,13,14,15,16,17,18,19,20, 57
time =  15.23738408088684
0 7,6,5,4,3,2,1,0, 43
1 7,6,5,4,3,2,1, 38
2 7,6,5,4,3,2, 34
3 7,6,5,4,3, 28
4 7,6,5,4, 23
5 7,6,5, 18
6 7,6, 10
8 7,8, 9
9 7,8,9, 19
10 7,8,9,10, 25
11 7,8,9,10,11, 35
12 7,8,9,10,11,12, 41
13 7,8,9,10,11,12,13, 47
14 7,8,9,10,11,12,13,14, 48
15 7,8,9,10,11,12,13,14,15, 57
16 7,8,9,10,11,12,13,14,15,16, 62
17 7,8,9,10,11,12,13,14,15,16,17, 67
18 7,8,9,10,11,12,13,14,15,16,17,18, 75
19 7,8,9,10,11,12,13,14,15,16,17,18,19, 76
20 7,8,9,10,11,12,13,14,15,16,17,18,19,20, 85
time =  20.25295615196228
0 7,6,5,4,3,2,1,0, 34
1 7,6,5,4,3,2,1, 32
2 7,6,5,4,3,2, 23
3 7,6,5,4,3, 20
4 7,6,5,4, 19
5 7,6,5, 9
6 7,6, 8
8 7,8, 6
9 7,8,9, 7
10 7,8,9,10, 15
11 7,8,9,10,11, 19
12 7,8,9,10,11,12, 23
13 7,8,9,10,11,12,13, 33
14 7,8,9,10,11,12,13,14, 40
15 7,8,9,10,11,12,13,14,15, 43
16 7,8,9,10,11,12,13,14,15,16, 44
17 7,8,9,10,11,12,13,14,15,16,17, 47
18 7,8,9,10,11,12,13,14,15,16,17,18, 48
19 7,8,9,10,11,12,13,14,15,16,17,18,19, 53
20 7,8,9,10,11,12,13,14,15,16,17,18,19,20, 55
time =  25.272791862487793
0 7,6,5,4,3,2,1,0, 48
1 7,6,5,4,3,2,1, 39
2 7,6,5,4,3,2, 29
3 7,6,5,4,3, 25
4 7,6,5,4, 15
5 7,6,5, 5
6 7,6, 2
8 7,8, 10
9 7,8,9, 12
10 7,8,9,10, 15
11 7,8,9,10,11, 16
12 7,8,9,10,11,12, 21
13 7,8,9,10,11,12,13, 27
14 7,8,9,10,11,12,13,14, 36
15 7,8,9,10,11,12,13,14,15, 41
16 7,8,9,10,11,12,13,14,15,16, 48
17 7,8,9,10,11,12,13,14,15,16,17, 55
18 7,8,9,10,11,12,13,14,15,16,17,18, 58
19 7,8,9,10,11,12,13,14,15,16,17,18,19, 68
20 7,8,9,10,11,12,13,14,15,16,17,18,19,20, 76
time =  30.28586220741272
0 7,6,5,4,3,2,1,0, 33
1 7,6,5,4,3,2,1, 31
2 7,6,5,4,3,2, 30
3 7,6,5,4,3, 26
4 7,6,5,4, 18
5 7,6,5, 8
6 7,6, 6
8 7,8, 2
9 7,8,9, 12
10 7,8,9,10, 15
11 7,8,9,10,11, 25
12 7,8,9,10,11,12, 28
13 7,8,9,10,11,12,13, 36
14 7,8,9,10,11,12,13,14, 46
15 7,8,9,10,11,12,13,14,15, 53
16 7,8,9,10,11,12,13,14,15,16, 60
17 7,8,9,10,11,12,13,14,15,16,17, 68
18 7,8,9,10,11,12,13,14,15,16,17,18, 70
19 7,8,9,10,11,12,13,14,15,16,17,18,19, 78
20 7,8,9,10,11,12,13,14,15,16,17,18,19,20, 86
time =  35.321448802948
0 7,6,5,4,3,2,1,0, 43
1 7,6,5,4,3,2,1, 33
2 7,6,5,4,3,2, 26
3 7,6,5,4,3, 22
4 7,6,5,4, 18
5 7,6,5, 10
6 7,6, 1
8 7,8, 9
9 7,8,9, 11
10 7,8,9,10, 14
11 7,8,9,10,11, 16
12 7,8,9,10,11,12, 25
13 7,8,9,10,11,12,13, 27
14 7,8,9,10,11,12,13,14, 33
15 7,8,9,10,11,12,13,14,15, 40
16 7,8,9,10,11,12,13,14,15,16, 42
17 7,8,9,10,11,12,13,14,15,16,17, 45
18 7,8,9,10,11,12,13,14,15,16,17,18, 51
19 7,8,9,10,11,12,13,14,15,16,17,18,19, 54
20 7,8,9,10,11,12,13,14,15,16,17,18,19,20, 57
